[Calculations]
k = 2.0
fpom = 32.901
v = 0.0055
psi_ud = 0.015
sof = 2.992
tmax = 832.1122605976226
psi = 0.9870299999999997
stt = 65.802
area_multiplier = 21.992647058823533

