[Calculations]
k = 2.0
fpom = 4.266
v = 0.0042
psi_ud = 0.0129
m = 0.0
tmax = 392.37488068291975
psi = 0.1100628
stt = 8.531999999999998
bigm = 43.18587801762806

