[Calculations]
k = 10.0
fpom = 2457.881
v = 0.0125
psi_ud = 0.0076
tmax = 7076.124685677274
psi = 186.798956
stt = 24578.81

