[Calculations]
k = 2.0
fpom = 39.0
v = 0.042
psi_ud = 0.0129
m = 0.0
tmax = 118.63779726587806
psi = 1.0062
stt = 78.0
bigm = 119.37335160892651

